167655046
59341698
349854657
309775741
1379309318
440458342
269112100
455293249
57436909
154876159
500009807
68210875
575623917
358748060
1479040953
60673083
161949719
154847513
111051084
38559058
271388254
50879012
1099119770
24156180
373676463
173116569
93988508
62240513
116636303
72480719
2296011421
2289194298
12671
4402987
7858636
13444058
35311411
51696441
66489540
76999375
90258662
101291900
102706901
109105759
151751026
163733925
225179429
357870914
371108489
448343431
454205259
461121215
810458354
1033291447
1033291716
1058240421
1114937945
1390415574
1584345084
